state={
	id=438
	name="STATE_438"
	history = {
		owner = IND
		add_core_of = IND
		
		
		set_variable = { sq_km = 223099.33 }
	}
	provinces={
		1377 1983 2005 2036 4045 4299 4915 5055 5086 7064 7334 8082 8114 9951 9973 10751 10794 11955 12137 12777 12786 15609 15610 15611 15612 15613 15614 15615 15616 15617 15618 15619 15620 15621 15622 15623 15624 15625 15626 15627 15628 15629 15630 15631 15632 15633 15634 15635 15636 15637 15638 15639 15640 15641 15642 15643 15644 15645 15646 15647 
	}
	manpower=199812341
	buildings_max_level_factor=1
	state_category=rural
	local_supplies=0.5
}
